%YAML:1.0
D: !!opencv-matrix
   rows: 1
   cols: 5
   dt: d
   data: [ -0.059124, 0.081963, 0.000743, 0.002461, 0.000000]
K: !!opencv-matrix
   rows: 3
   cols: 3
   dt: d
   data: [867.04679,   0.     , 653.18207,
         0.     , 866.39461, 537.77518,
         0.     ,   0.     ,   1. ]
H: !!opencv-matrix
   rows: 4
   cols: 4
   dt: d
   data: [ -0.5,-1.5,369,696,
         0.5,-1.5,971,687,
         0.5,-2.5,835,570,
         -0.5,-2.5,478,573]