%YAML:1.0
D: !!opencv-matrix
   rows: 1
   cols: 5
   dt: d
   data: [ 0.092890, -0.046208, 0.000622, -0.001104, 0.000000]
K: !!opencv-matrix
   rows: 3
   cols: 3
   dt: d
   data: [622.90532,   0., 639.44796,
          0., 620.84752, 368.20234,
          0.,   0.     ,   1.    ]
H: !!opencv-matrix
   rows: 4
   cols: 4
   dt: d
   data: [ -0.5,-1.5, 405, 387,
         0.5,-1.5, 840, 384,
         0.5,-2.5, 764, 281,
         -0.5,-2.5, 499, 283]